  2.3818439e-003 -0.0000000e+000
  4.4198194e-003 -0.0000000e+000
  6.0451493e-003 -0.0000000e+000
  5.6924616e-003 -0.0000000e+000
  3.3010640e-003 -0.0000000e+000
  2.1089805e-004 -0.0000000e+000
  1.9410546e-003  1.8000000e+002
  2.2415982e-003  1.8000000e+002
  9.7160835e-004  1.8000000e+002
  6.6868602e-004 -0.0000000e+000
  1.4591839e-003 -0.0000000e+000
  1.0074410e-003 -0.0000000e+000
  1.1121524e-004  1.8000000e+002
  9.3040690e-004  1.8000000e+002
  8.7166245e-004  1.8000000e+002
  1.3778440e-004  1.8000000e+002
  5.7893430e-004 -0.0000000e+000
  7.1214310e-004 -0.0000000e+000
  2.5062673e-004 -0.0000000e+000
  3.2863656e-004  1.8000000e+002
  5.4018725e-004  1.8000000e+002
  2.7153620e-004  1.8000000e+002
  1.7953389e-004 -0.0000000e+000
  4.0960799e-004 -0.0000000e+000
  2.7363890e-004 -0.0000000e+000
  5.5782843e-005  1.8000000e+002
  2.7888037e-004  1.8000000e+002
  2.3649560e-004  1.8000000e+002
  6.4016468e-006  1.8000000e+002
  2.4733252e-004 -0.0000000e+000
  4.5817633e-004 -0.0000000e+000
  4.3977644e-004  1.8000000e+002
