  2.7026576e-004  1.8000000e+002
  1.6610454e-004  1.8000000e+002
  1.8344491e-004  1.8000000e+002
  1.7237896e-004  1.8000000e+002
  1.2495273e-004  1.8000000e+002
  3.7725480e-005  1.8000000e+002
  8.7495660e-005 -0.0000000e+000
  2.4249522e-004 -0.0000000e+000
  4.1269551e-004 -0.0000000e+000
  5.7700850e-004 -0.0000000e+000
  7.1164811e-004 -0.0000000e+000
  7.9231017e-004 -0.0000000e+000
  7.9662301e-004 -0.0000000e+000
  7.1086065e-004 -0.0000000e+000
  5.3045578e-004 -0.0000000e+000
  2.6428192e-004 -0.0000000e+000
  6.5224934e-005  1.8000000e+002
  4.2236954e-004  1.8000000e+002
  7.6106728e-004  1.8000000e+002
  1.0288415e-003  1.8000000e+002
  1.1722816e-003  1.8000000e+002
  1.1442273e-003  1.8000000e+002
  9.0992116e-004  1.8000000e+002
  4.5232161e-004  1.8000000e+002
  2.2385392e-004 -0.0000000e+000
  1.0914465e-003 -0.0000000e+000
  2.1004612e-003 -0.0000000e+000
  3.1791032e-003 -0.0000000e+000
  4.2359817e-003 -0.0000000e+000
  5.1661543e-003 -0.0000000e+000
  5.8631300e-003 -0.0000000e+000
  6.2373896e-003 -0.0000000e+000
  6.2373896e-003 -0.0000000e+000
  5.8631300e-003 -0.0000000e+000
  5.1661543e-003 -0.0000000e+000
  4.2359817e-003 -0.0000000e+000
  3.1791032e-003 -0.0000000e+000
  2.1004612e-003 -0.0000000e+000
  1.0914465e-003 -0.0000000e+000
  2.2385392e-004 -0.0000000e+000
  4.5232161e-004  1.8000000e+002
  9.0992116e-004  1.8000000e+002
  1.1442273e-003  1.8000000e+002
  1.1722816e-003  1.8000000e+002
  1.0288415e-003  1.8000000e+002
  7.6106728e-004  1.8000000e+002
  4.2236954e-004  1.8000000e+002
  6.5224934e-005  1.8000000e+002
  2.6428192e-004 -0.0000000e+000
  5.3045578e-004 -0.0000000e+000
  7.1086065e-004 -0.0000000e+000
  7.9662301e-004 -0.0000000e+000
  7.9231017e-004 -0.0000000e+000
  7.1164811e-004 -0.0000000e+000
  5.7700850e-004 -0.0000000e+000
  4.1269551e-004 -0.0000000e+000
  2.4249522e-004 -0.0000000e+000
  8.7495660e-005 -0.0000000e+000
  3.7725480e-005  1.8000000e+002
  1.2495273e-004  1.8000000e+002
  1.7237896e-004  1.8000000e+002
  1.8344491e-004  1.8000000e+002
  1.6610454e-004  1.8000000e+002
  2.7026576e-004  1.8000000e+002
