  7.1493309e-005  1.8000000e+002
  9.6478028e-005  1.8000000e+002
  1.2225476e-004  1.8000000e+002
  1.4768077e-004  1.8000000e+002
  1.7147520e-004  1.8000000e+002
  1.9226568e-004  1.8000000e+002
  2.0864411e-004  1.8000000e+002
  2.1922993e-004  1.8000000e+002
  2.2273831e-004  1.8000000e+002
  2.1805083e-004  1.8000000e+002
  2.0428524e-004  1.8000000e+002
  1.8086133e-004  1.8000000e+002
  1.4755930e-004  1.8000000e+002
  1.0456757e-004  1.8000000e+002
  5.2516916e-005  1.8000000e+002
  7.5015841e-006 -0.0000000e+000
  7.3937030e-005 -0.0000000e+000
  1.4479895e-004 -0.0000000e+000
  2.1769816e-004 -0.0000000e+000
  2.8990825e-004 -0.0000000e+000
  3.5844673e-004 -0.0000000e+000
  4.2017442e-004 -0.0000000e+000
  4.7191009e-004 -0.0000000e+000
  5.1055733e-004 -0.0000000e+000
  5.3323898e-004 -0.0000000e+000
  5.3743437e-004 -0.0000000e+000
  5.2111377e-004 -0.0000000e+000
  4.8286437e-004 -0.0000000e+000
  4.2200207e-004 -0.0000000e+000
  3.3866387e-004 -0.0000000e+000
  2.3387630e-004 -0.0000000e+000
  1.0959617e-004 -0.0000000e+000
  3.1279043e-005  1.8000000e+002
  1.8493304e-004  1.8000000e+002
  3.4668563e-004  1.8000000e+002
  5.1108106e-004  1.8000000e+002
  6.7200930e-004  1.8000000e+002
  8.2285893e-004  1.8000000e+002
  9.5669927e-004  1.8000000e+002
  1.0664879e-003  1.8000000e+002
  1.1452979e-003  1.8000000e+002
  1.1865561e-003  1.8000000e+002
  1.1842845e-003  1.8000000e+002
  1.1333306e-003  1.8000000e+002
  1.0295783e-003  1.8000000e+002
  8.7012782e-004  1.8000000e+002
  6.5343711e-004  1.8000000e+002
  3.7942334e-004  1.8000000e+002
  4.9524825e-005  1.8000000e+002
  3.3327022e-004 -0.0000000e+000
  7.6441974e-004 -0.0000000e+000
  1.2378405e-003 -0.0000000e+000
  1.7459321e-003 -0.0000000e+000
  2.2796130e-003 -0.0000000e+000
  2.8283786e-003 -0.0000000e+000
  3.3803990e-003 -0.0000000e+000
  3.9226842e-003 -0.0000000e+000
  4.4413462e-003 -0.0000000e+000
  4.9219854e-003 -0.0000000e+000
  5.3502163e-003 -0.0000000e+000
  5.7123239e-003 -0.0000000e+000
  5.9960131e-003 -0.0000000e+000
  6.1911845e-003 -0.0000000e+000
  6.2906430e-003 -0.0000000e+000
  6.2906430e-003 -0.0000000e+000
  6.1911845e-003 -0.0000000e+000
  5.9960131e-003 -0.0000000e+000
  5.7123239e-003 -0.0000000e+000
  5.3502163e-003 -0.0000000e+000
  4.9219854e-003 -0.0000000e+000
  4.4413462e-003 -0.0000000e+000
  3.9226842e-003 -0.0000000e+000
  3.3803990e-003 -0.0000000e+000
  2.8283786e-003 -0.0000000e+000
  2.2796130e-003 -0.0000000e+000
  1.7459321e-003 -0.0000000e+000
  1.2378405e-003 -0.0000000e+000
  7.6441974e-004 -0.0000000e+000
  3.3327022e-004 -0.0000000e+000
  4.9524825e-005  1.8000000e+002
  3.7942334e-004  1.8000000e+002
  6.5343711e-004  1.8000000e+002
  8.7012782e-004  1.8000000e+002
  1.0295783e-003  1.8000000e+002
  1.1333306e-003  1.8000000e+002
  1.1842845e-003  1.8000000e+002
  1.1865561e-003  1.8000000e+002
  1.1452979e-003  1.8000000e+002
  1.0664879e-003  1.8000000e+002
  9.5669927e-004  1.8000000e+002
  8.2285893e-004  1.8000000e+002
  6.7200930e-004  1.8000000e+002
  5.1108106e-004  1.8000000e+002
  3.4668563e-004  1.8000000e+002
  1.8493304e-004  1.8000000e+002
  3.1279043e-005  1.8000000e+002
  1.0959617e-004 -0.0000000e+000
  2.3387630e-004 -0.0000000e+000
  3.3866387e-004 -0.0000000e+000
  4.2200207e-004 -0.0000000e+000
  4.8286437e-004 -0.0000000e+000
  5.2111377e-004 -0.0000000e+000
  5.3743437e-004 -0.0000000e+000
  5.3323898e-004 -0.0000000e+000
  5.1055733e-004 -0.0000000e+000
  4.7191009e-004 -0.0000000e+000
  4.2017442e-004 -0.0000000e+000
  3.5844673e-004 -0.0000000e+000
  2.8990825e-004 -0.0000000e+000
  2.1769816e-004 -0.0000000e+000
  1.4479895e-004 -0.0000000e+000
  7.3937030e-005 -0.0000000e+000
  7.5015841e-006 -0.0000000e+000
  5.2516916e-005  1.8000000e+002
  1.0456757e-004  1.8000000e+002
  1.4755930e-004  1.8000000e+002
  1.8086133e-004  1.8000000e+002
  2.0428524e-004  1.8000000e+002
  2.1805083e-004  1.8000000e+002
  2.2273831e-004  1.8000000e+002
  2.1922993e-004  1.8000000e+002
  2.0864411e-004  1.8000000e+002
  1.9226568e-004  1.8000000e+002
  1.7147520e-004  1.8000000e+002
  1.4768077e-004  1.8000000e+002
  1.2225476e-004  1.8000000e+002
  9.6478028e-005  1.8000000e+002
  7.1493309e-005  1.8000000e+002
