  7.2255155e-005  1.8000000e+002
  9.7373575e-005  1.8000000e+002
  1.2321374e-004  1.8000000e+002
  1.4859949e-004  1.8000000e+002
  1.7221657e-004  1.8000000e+002
  1.9266158e-004  1.8000000e+002
  2.0850053e-004  1.8000000e+002
  2.1833474e-004  1.8000000e+002
  2.2087177e-004  1.8000000e+002
  2.1499846e-004  1.8000000e+002
  1.9985272e-004  1.8000000e+002
  1.7489072e-004  1.8000000e+002
  1.3994593e-004  1.8000000e+002
  9.5276660e-005  1.8000000e+002
  4.1598953e-005  1.8000000e+002
  1.9897753e-005 -0.0000000e+000
  8.7554377e-005 -0.0000000e+000
  1.5926674e-004 -0.0000000e+000
  2.3253162e-004 -0.0000000e+000
  3.0451411e-004 -0.0000000e+000
  3.7213527e-004 -0.0000000e+000
  4.3217816e-004 -0.0000000e+000
  4.8140924e-004 -0.0000000e+000
  5.1671149e-004 -0.0000000e+000
  5.3522435e-004 -0.0000000e+000
  5.3448543e-004 -0.0000000e+000
  5.1256785e-004 -0.0000000e+000
  4.6820739e-004 -0.0000000e+000
  4.0091350e-004 -0.0000000e+000
  3.1105892e-004 -0.0000000e+000
  1.9994319e-004 -0.0000000e+000
  6.9826642e-005 -0.0000000e+000
  7.6067903e-005  1.8000000e+002
  2.3358722e-004  1.8000000e+002
  3.9771444e-004  1.8000000e+002
  5.6267041e-004  1.8000000e+002
  7.2204917e-004  1.8000000e+002
  8.6898550e-004  1.8000000e+002
  9.9635208e-004  1.8000000e+002
  1.0969811e-003  1.8000000e+002
  1.1639040e-003  1.8000000e+002
  1.1905999e-003  1.8000000e+002
  1.1712423e-003  1.8000000e+002
  1.1009316e-003  1.8000000e+002
  9.7590271e-004  1.8000000e+002
  7.9369675e-004  1.8000000e+002
  5.5329255e-004  1.8000000e+002
  2.5519550e-004  1.8000000e+002
  9.8512306e-005 -0.0000000e+000
  5.0415335e-004 -0.0000000e+000
  9.5645822e-004 -0.0000000e+000
  1.4485838e-003 -0.0000000e+000
  1.9721424e-003 -0.0000000e+000
  2.5172473e-003 -0.0000000e+000
  3.0725869e-003 -0.0000000e+000
  3.6255528e-003 -0.0000000e+000
  4.1624500e-003 -0.0000000e+000
  4.6688231e-003 -0.0000000e+000
  5.1299190e-003 -0.0000000e+000
  5.5312949e-003 -0.0000000e+000
  5.8595479e-003 -0.0000000e+000
  6.1031121e-003 -0.0000000e+000
  6.2530396e-003 -0.0000000e+000
  6.3036626e-003 -0.0000000e+000
  6.2530396e-003 -0.0000000e+000
  6.1031121e-003 -0.0000000e+000
  5.8595479e-003 -0.0000000e+000
  5.5312949e-003 -0.0000000e+000
  5.1299190e-003 -0.0000000e+000
  4.6688231e-003 -0.0000000e+000
  4.1624500e-003 -0.0000000e+000
  3.6255528e-003 -0.0000000e+000
  3.0725869e-003 -0.0000000e+000
  2.5172473e-003 -0.0000000e+000
  1.9721424e-003 -0.0000000e+000
  1.4485838e-003 -0.0000000e+000
  9.5645822e-004 -0.0000000e+000
  5.0415335e-004 -0.0000000e+000
  9.8512306e-005 -0.0000000e+000
  2.5519550e-004  1.8000000e+002
  5.5329255e-004  1.8000000e+002
  7.9369675e-004  1.8000000e+002
  9.7590271e-004  1.8000000e+002
  1.1009316e-003  1.8000000e+002
  1.1712423e-003  1.8000000e+002
  1.1905999e-003  1.8000000e+002
  1.1639040e-003  1.8000000e+002
  1.0969811e-003  1.8000000e+002
  9.9635208e-004  1.8000000e+002
  8.6898550e-004  1.8000000e+002
  7.2204917e-004  1.8000000e+002
  5.6267041e-004  1.8000000e+002
  3.9771444e-004  1.8000000e+002
  2.3358722e-004  1.8000000e+002
  7.6067903e-005  1.8000000e+002
  6.9826642e-005 -0.0000000e+000
  1.9994319e-004 -0.0000000e+000
  3.1105892e-004 -0.0000000e+000
  4.0091350e-004 -0.0000000e+000
  4.6820739e-004 -0.0000000e+000
  5.1256785e-004 -0.0000000e+000
  5.3448543e-004 -0.0000000e+000
  5.3522435e-004 -0.0000000e+000
  5.1671149e-004 -0.0000000e+000
  4.8140924e-004 -0.0000000e+000
  4.3217816e-004 -0.0000000e+000
  3.7213527e-004 -0.0000000e+000
  3.0451411e-004 -0.0000000e+000
  2.3253162e-004 -0.0000000e+000
  1.5926674e-004 -0.0000000e+000
  8.7554377e-005 -0.0000000e+000
  1.9897753e-005 -0.0000000e+000
  4.1598953e-005  1.8000000e+002
  9.5276660e-005  1.8000000e+002
  1.3994593e-004  1.8000000e+002
  1.7489072e-004  1.8000000e+002
  1.9985272e-004  1.8000000e+002
  2.1499846e-004  1.8000000e+002
  2.2087177e-004  1.8000000e+002
  2.1833474e-004  1.8000000e+002
  2.0850053e-004  1.8000000e+002
  1.9266158e-004  1.8000000e+002
  1.7221657e-004  1.8000000e+002
  1.4859949e-004  1.8000000e+002
  1.2321374e-004  1.8000000e+002
  9.7373575e-005  1.8000000e+002
  7.2255155e-005  1.8000000e+002
