  8.3254306e-004 -0.0000000e+000
  1.0209356e-003 -0.0000000e+000
  1.0200408e-003 -0.0000000e+000
  8.0513935e-004 -0.0000000e+000
  4.2036923e-004 -0.0000000e+000
  3.0930165e-005  1.8000000e+002
  4.1859744e-004  1.8000000e+002
  6.3079921e-004  1.8000000e+002
  6.1634700e-004  1.8000000e+002
  4.0811346e-004  1.8000000e+002
  1.1699745e-004  1.8000000e+002
  1.0400730e-004 -0.0000000e+000
  1.1492015e-004 -0.0000000e+000
  1.5575490e-004  1.8000000e+002
  6.7585227e-004  1.8000000e+002
  1.3096310e-003  1.8000000e+002
  1.8563818e-003  1.8000000e+002
  2.1170497e-003  1.8000000e+002
  1.9670289e-003  1.8000000e+002
  1.4084619e-003  1.8000000e+002
  5.8039734e-004  1.8000000e+002
  2.8038029e-004 -0.0000000e+000
  9.1709343e-004 -0.0000000e+000
  1.1441952e-003 -0.0000000e+000
  9.2019857e-004 -0.0000000e+000
  3.7356842e-004 -0.0000000e+000
  2.3220218e-004  1.8000000e+002
  5.8656421e-004  1.8000000e+002
  4.4511434e-004  1.8000000e+002
  2.7130951e-004 -0.0000000e+000
  1.4294246e-003 -0.0000000e+000
  2.7099322e-003 -0.0000000e+000
  3.7046983e-003 -0.0000000e+000
  4.0574568e-003 -0.0000000e+000
  3.6011139e-003 -0.0000000e+000
  2.4370636e-003 -0.0000000e+000
  9.1887411e-004 -0.0000000e+000
  4.5938384e-004  1.8000000e+002
  1.2345122e-003  1.8000000e+002
  1.1497933e-003  1.8000000e+002
  2.7242447e-004  1.8000000e+002
  9.9794539e-004 -0.0000000e+000
  2.0447787e-003 -0.0000000e+000
  2.2454480e-003 -0.0000000e+000
  1.2112960e-003 -0.0000000e+000
  1.0308956e-003  1.8000000e+002
  3.9905535e-003  1.8000000e+002
  6.8258009e-003  1.8000000e+002
  8.6050551e-003  1.8000000e+002
  8.6673035e-003  1.8000000e+002
  6.9488408e-003  1.8000000e+002
  4.0981458e-003  1.8000000e+002
  1.3043315e-003  1.8000000e+002
  8.8563876e-005 -0.0000000e+000
  9.3165082e-004  1.8000000e+002
  4.5767570e-003  1.8000000e+002
  9.9409545e-003  1.8000000e+002
  1.4954227e-002  1.8000000e+002
  1.6826329e-002  1.8000000e+002
  1.3143496e-002  1.8000000e+002
  2.9775160e-003  1.8000000e+002
  1.2798286e-002 -0.0000000e+000
  3.0883907e-002 -0.0000000e+000
  4.3960423e-002 -0.0000000e+000
  4.3941810e-002 -0.0000000e+000
  3.0845047e-002 -0.0000000e+000
  1.2770386e-002 -0.0000000e+000
  2.9724461e-003  1.8000000e+002
  1.3095682e-002  1.8000000e+002
  1.6739251e-002  1.8000000e+002
  1.4843349e-002  1.8000000e+002
  9.8250473e-003  1.8000000e+002
  4.4701742e-003  1.8000000e+002
  8.4344510e-004  1.8000000e+002
  1.5270825e-004 -0.0000000e+000
  1.2673492e-003  1.8000000e+002
  4.0886756e-003  1.8000000e+002
  6.9643701e-003  1.8000000e+002
  8.7027057e-003  1.8000000e+002
  8.6535958e-003  1.8000000e+002
  6.8810894e-003  1.8000000e+002
  4.0485233e-003  1.8000000e+002
  1.0905212e-003  1.8000000e+002
  1.1488649e-003 -0.0000000e+000
  2.1786712e-003 -0.0000000e+000
  1.9735854e-003 -0.0000000e+000
  9.2509629e-004 -0.0000000e+000
  3.4080018e-004  1.8000000e+002
  1.2047193e-003  1.8000000e+002
  1.2658313e-003  1.8000000e+002
  4.5824191e-004  1.8000000e+002
  9.5747112e-004 -0.0000000e+000
  2.5123705e-003 -0.0000000e+000
  3.7059743e-003 -0.0000000e+000
  4.1792235e-003 -0.0000000e+000
  3.8277878e-003 -0.0000000e+000
  2.8193044e-003 -0.0000000e+000
  1.5137409e-003 -0.0000000e+000
  3.2480055e-004 -0.0000000e+000
  4.2235399e-004  1.8000000e+002
  5.8967576e-004  1.8000000e+002
  2.5366647e-004  1.8000000e+002
  3.4142403e-004 -0.0000000e+000
  8.8302077e-004 -0.0000000e+000
  1.1043656e-003 -0.0000000e+000
  8.7372901e-004 -0.0000000e+000
  2.3050315e-004 -0.0000000e+000
  6.3992394e-004  1.8000000e+002
  1.4788594e-003  1.8000000e+002
  2.0460740e-003  1.8000000e+002
  2.1986312e-003  1.8000000e+002
  1.9313424e-003  1.8000000e+002
  1.3676591e-003  1.8000000e+002
  7.0785750e-004  1.8000000e+002
  1.5606661e-004  1.8000000e+002
  1.4709884e-004 -0.0000000e+000
  1.6426619e-004 -0.0000000e+000
  3.7393323e-005  1.8000000e+002
  3.2035949e-004  1.8000000e+002
  5.3174789e-004  1.8000000e+002
  5.5853403e-004  1.8000000e+002
  3.6415255e-004  1.8000000e+002
  4.4372441e-006 -0.0000000e+000
  4.3906704e-004 -0.0000000e+000
  8.1181444e-004 -0.0000000e+000
  1.0197504e-003 -0.0000000e+000
  1.0174525e-003 -0.0000000e+000
  8.2726273e-004 -0.0000000e+000
