# Exported from Vespa-RFPulse
# For more information, visit http://scion.duhs.duke.edu/vespa/
# Export Timestamp: 2014-01-02T21:51:39
# Pulse Name: adiabatic 90 v2
# Project UUID: 4c0a38fe-65af-4597-bd59-ecd0f45146ce
# Pulse Total Duration: 3.84 [ms]
# ----------------------------------------
0.000000210 109.192772667
0.000000258 157.444287251
0.000000317 -154.304198165
0.000000388 -106.052683581
0.000000475 -57.801168998
0.000000579 -9.549654415
0.000000706 38.701860168
0.000000859 86.953374749
0.000001044 135.204889330
0.000001266 -176.543596092
0.000001532 -128.292081517
0.000001851 -80.040566947
0.000002233 -31.789052383
0.000002689 16.462462171
0.000003232 64.713976711
0.000003878 112.965491231
0.000004646 161.217005722
0.000005556 -150.531479829
0.000006632 -102.279965441
0.000007903 -54.028451138
0.000009401 -5.776936957
0.000011164 42.474577051
0.000013235 90.726090814
0.000015663 138.977604233
0.000018503 -172.770882830
0.000021821 -124.519370568
0.000025689 -76.267859246
0.000030191 -28.016349229
0.000035419 20.235158983
0.000041481 68.486664708
0.000048496 116.738167013
0.000056599 164.989664638
0.000065942 -146.758844123
0.000076694 -98.507361566
0.000089043 -50.255890772
0.000103202 -2.004435862
0.000119405 46.246997677
0.000137912 94.498402560
0.000159011 142.749769153
0.000183020 -168.998915242
0.000210289 -120.747667295
0.000241201 -72.496508818
0.000276176 -24.245468244
0.000315674 24.005417501
0.000360194 72.256100624
0.000410279 120.506519507
0.000466515 168.756594984
0.000529537 -142.993774277
0.000600025 -94.744717507
0.000678711 -46.496398914
0.000766377 1.750973619
0.000863855 49.997137890
0.000972026 98.241764410
0.001091826 146.484440671
0.001224234 -165.275347829
0.001370280 -117.038240405
0.001531036 -68.805028450
0.001707614 -20.576687882
0.001901159 27.645582453
0.002112845 75.860315571
0.002343862 124.065723405
0.002595411 172.259635177
0.002868687 -139.560573925
0.003164869 -91.398064755
0.003485100 -43.256627869
0.003830466 4.859210266
0.004201981 52.944067773
0.004600553 100.991574043
0.005026965 148.994222327
0.005481840 -163.056791571
0.005965608 -115.171743862
0.006478477 -67.362569291
0.007020392 -19.643057554
0.007591003 27.970943294
0.008189629 75.461320363
0.008815224 122.807491327
0.009466352 169.986207755
0.010141163 -143.028626526
0.010837378 -96.266113988
0.011552284 -49.758490078
0.012282744 -3.541208803
0.013025217 42.347021995
0.013775791 87.864264354
0.014530240 132.965440462
0.015284088 177.602495215
0.016032691 -138.275365601
0.016771328 -94.721361194
0.017495305 -51.790748822
0.018200060 -9.540370785
0.018881268 31.971854304
0.019534944 72.687482327
0.020157535 112.548120298
0.020745997 151.496010768
0.021297854 -170.525394803
0.021811241 -133.570892107
0.022284921 -97.693026420
0.022718284 -62.941655894
0.023111325 -29.363586993
0.023464607 2.997710302
0.023779205 34.102303746
0.024056644 63.913916510
0.024298827 92.399964623
0.024507965 119.531520328
0.024686493 145.283209716
0.024837008 169.633054420
0.024962197 -167.437732037
0.025064772 -145.944982464
0.025147423 -125.901838370
0.025212766 -107.319026762
0.025263307 -90.205142650
0.025301407 -74.566929682
0.025329258 -60.409552515
0.025348866 -47.736855730
0.025362031 -36.551605171
0.025370343 -26.855708582
0.025375169 -18.650413237
0.025377655 -11.936478961
0.025378716 -6.714325488
0.025379042 -2.984153468
0.025379089 -0.746038789
0.025379089 -0.746038789
0.025379042 -2.984153468
0.025378716 -6.714325488
0.025377655 -11.936478961
0.025375169 -18.650413237
0.025370343 -26.855708582
0.025362031 -36.551605171
0.025348866 -47.736855730
0.025329258 -60.409552515
0.025301407 -74.566929682
0.025263307 -90.205142650
0.025212766 -107.319026762
0.025147423 -125.901838370
0.025064772 -145.944982464
0.024962197 -167.437732037
0.024837008 169.633054420
0.024686493 145.283209716
0.024507965 119.531520328
0.024298827 92.399964623
0.024056644 63.913916510
0.023779205 34.102303746
0.023464607 2.997710302
0.023111325 -29.363586993
0.022718284 -62.941655894
0.022284921 -97.693026420
0.021811241 -133.570892107
0.021297854 -170.525394803
0.020745997 151.496010768
0.020157535 112.548120298
0.019534944 72.687482327
0.018881268 31.971854304
0.018200060 -9.540370785
0.017495305 -51.790748822
0.016771328 -94.721361194
0.016032691 -138.275365601
0.015284088 177.602495215
0.014530240 132.965440462
0.013775791 87.864264354
0.013025217 42.347021995
0.012282744 -3.541208803
0.011552284 -49.758490078
0.010837378 -96.266113988
0.010141163 -143.028626526
0.009466352 169.986207755
0.008815224 122.807491327
0.008189629 75.461320363
0.007591003 27.970943294
0.007020392 -19.643057554
0.006478477 -67.362569291
0.005965608 -115.171743862
0.005481840 -163.056791571
0.005026965 148.994222327
0.004600553 100.991574043
0.004201981 52.944067773
0.003830466 4.859210266
0.003485100 -43.256627869
0.003164869 -91.398064755
0.002868687 -139.560573925
0.002595411 172.259635177
0.002343862 124.065723405
0.002112845 75.860315571
0.001901159 27.645582453
0.001707614 -20.576687882
0.001531036 -68.805028450
0.001370280 -117.038240405
0.001224234 -165.275347829
0.001091826 146.484440671
0.000972026 98.241764410
0.000863855 49.997137890
0.000766377 1.750973619
0.000678711 -46.496398914
0.000600025 -94.744717507
0.000529537 -142.993774277
0.000466515 168.756594984
0.000410279 120.506519507
0.000360194 72.256100624
0.000315674 24.005417501
0.000276176 -24.245468244
0.000241201 -72.496508818
0.000210289 -120.747667295
0.000183020 -168.998915242
0.000159011 142.749769153
0.000137912 94.498402560
0.000119405 46.246997677
0.000103202 -2.004435862
0.000089043 -50.255890772
0.000076694 -98.507361566
0.000065942 -146.758844123
0.000056599 164.989664638
0.000048496 116.738167013
0.000041481 68.486664708
0.000035419 20.235158983
0.000030191 -28.016349229
0.000025689 -76.267859246
0.000021821 -124.519370568
0.000018503 -172.770882830
0.000015663 138.977604233
0.000013235 90.726090814
0.000011164 42.474577051
0.000009401 -5.776936957
0.000007903 -54.028451138
0.000006632 -102.279965441
0.000005556 -150.531479829
0.000004646 161.217005722
0.000003878 112.965491231
0.000003232 64.713976711
0.000002689 16.462462171
0.000002233 -31.789052383
0.000001851 -80.040566947
0.000001532 -128.292081517
0.000001266 -176.543596092
0.000001044 135.204889330
0.000000859 86.953374749
0.000000706 38.701860168
0.000000579 -9.549654415
0.000000475 -57.801168998
0.000000388 -106.052683581
0.000000317 -154.304198165
0.000000258 157.444287251
0.000000210 109.192772667